------K-Means Experiment-------
adjusted_rand_score: 0.993424
FMI: 0.993424
Silhouette: 0.392766
 CHI: 611.203579
------End------